N <- 100
x <-
c(2.10574287043, 5.44901540961, 3.80698328358, 4.18715704647, 0.810176308518, 3.33876486612, 4.48111290219, 1.09259879638, 2.46756298799, 3.06522909339, 0.253765359506, 3.63031878408, 4.69232129517, 1.28096811834, 3.70109195733, 0.375433177525, 2.92260898147, -0.231544709407, 5.24283541647, 3.81780107587, 2.95076608825, 1.44967676166, 5.54751186032, 6.93420349851, -0.715963728894, 5.47232806091, 6.2553015063, 3.67602339315, 0.60146393533, 4.72669063509, 2.63815939584, 1.79215874441, 0.539883728666, 4.10107499195, 4.58561373184, 1.75293854064, 4.04115267415, 0.711317220754, 4.60372206374, 3.09313459685, 2.62686045619, 2.79650825494, 4.73777231401, 4.50082327973, 4.05893064871, 3.27540241999, 3.15564225583, 4.236760524, 3.46498911836, 4.36510281373, 2.37976645296, -1.86967552821, 5.07764920372, 7.37395929395, 3.88272888714, 2.79968953343, 2.72711051221, 2.76189162445, 3.0348188166, 0.755962542506, 1.96581108416, 1.0059463447, 3.49759832278, 2.40671769526, 3.99042264796, 2.65059368051, 4.97267037564, 3.42706780267, 7.38139945794, -0.792721845782, 1.70616662349, 4.8029737833, 8.05665141361, 2.50273044457, 3.08733798636, 2.54737151497, 5.66291422518, 2.42538427305, 4.36013967976, 2.3603968022, 0.454882489508, 3.62709544093, 4.00636962687, 5.58645176506, 2.77910594717, 1.76527587258, 4.12552219324, 3.48147418448, 3.56133015425, 2.85377459251, 15.6033856999, 7.69492716376, 23.0465870834, 15.1105669856, 10.590497961, -12.2743834062, 10.023192803, 8.20282203647, 12.109516728, 14.4444209471)
