N <- 100
x <-
c(6.24869072733, 1.7764871727, 1.94365649547, 0.854062755688, 4.73081525865, -1.60307739376, 6.48962352843, 1.47758619821, 3.63807819211, 2.50125924905, 5.92421587409, -1.120281419, 2.35516559197, 2.23189129066, 5.26753888467, 0.800217465372, 2.6551435849, 1.24428316416, 3.08442749343, 4.16563042743, 0.798761645574, 5.28944741968, 4.80318144119, 4.0049886778, 4.80171189853, 1.63254428165, 2.75421954896, 1.12846113148, 2.46422384075, 4.06071093348, 1.61667849655, 2.20649294629, 1.62565459976, 1.309588717, 1.65750773833, 2.97467080216, 0.765379302729, 3.46883139563, 6.31960435422, 4.48408832115, 2.61632889528, 1.22474207183, 1.5056834125, 6.38490920206, 3.10161550955, 1.72600870686, 3.38183096933, 7.20051027296, 3.24031790496, 4.23440621941, 3.60034063991, 2.29550030701, 0.714963603956, 2.30131455517, 2.58221153325, 4.17324638236, 4.67796682775, 4.86220416261, 3.57117465051, 4.77028232854, 1.49120411801, 5.50573631047, 4.02585964084, 2.40381432979, 3.97703629307, 2.84885657396, 5.2632587749, 6.03963363284, 7.37115081307, 0.207007329024, 0.111772389141, 1.99106827411, 3.3200741389, 4.75233784223, 3.63126989448, -1.04440243165, 2.38759197474, 4.65594928521, 3.46018947073, 4.52402236062, 2.55534371478, 2.59848386214, 3.37312278198, 3.82010329442, 3.39659944025, 3.23801729161, 1.65867542742, 3.75512757264, 3.24364254198, 5.25896781582, 5.3978357598, 3.37031283497, 2.24943009982, 1.72253918509, 3.84698870813, 3.1546801367, 2.31229264886, 3.08719371367, 1.7599983121, 4.39606406814)
