x <-
c(0.155332755508, 5.93481408197, 4.33676348989, 8.07360528885, 3.15244803095, 8.92888708525, 5.77857215285, 1.84010201627, 7.87929233826, 6.12031177045, 0.539092720738, 4.20193680001, 6.79068836565, 9.18601777978, 0.00402024891357, 9.76759149031, 3.76580314746, 9.73783538358, 6.04716100974, 8.28845807981, 5.74711504708, 6.28076198307, 2.85576281696, 5.86833340656, 7.50021763703, 8.58313836429, 7.55082188468, 6.98057248447, 8.64479430055, 3.22680996837, 6.70788790788, 4.50873936413, 3.82102752032, 4.10811349922, 4.0147958347, 3.17383945958, 6.2191936792, 4.30247270821, 9.73802077927, 6.77800891434, 1.98569888427, 4.26701009348, 3.43346239774, 7.97638803959, 8.79998288563, 9.03841955826, 6.62719812375, 2.7020826203, 2.52366701505, 8.54897942697, 5.27714646309, 8.02161084005, 5.72488517192, 7.33142525288, 5.19011627464, 7.70883910502, 5.68857990705, 4.65709878592, 3.42688907953, 0.682093484167, 3.77924179328, 0.796260776983, 9.8281711373, 1.81612851331, 8.11858697721, 8.74961644956, 6.88413252386, 5.69494412745, 1.60971436816, 4.66880022763, 3.45172051155, 2.25039957814, 5.92511868766, 3.12269837702, 9.16305553468, 9.09635524952, 2.57118293782, 1.10891300744, 1.92962732019, 4.99584170679, 7.28585667975, 2.08194438409, 2.48033558377, 8.51671874936, 4.15848718268, 6.16685067155, 2.33666139239, 1.01967259426, 5.15857016969, 4.7714098705, 1.52671644093, 6.2180623174, 5.44010118814, 6.54137346971, 1.44545540125, 7.51527817135, 2.220491398, 5.19351824366, 7.85296028222, 0.223304279918)
err <-
c(0.324362459726, 0.8729223764, 0.844709607602, 0.538440592595, 0.866608274167, 0.949805991354, 0.826406997629, 0.854115443837, 0.0987434018203, 0.651304332341, 0.703516988153, 0.610240812647, 0.799615261736, 0.0345712198716, 0.770238734555, 0.73172860074, 0.259698393298, 0.257069298822, 0.63230331743, 0.345297461591, 0.796588678007, 0.446146232003, 0.782749414784, 0.990471783624, 0.300248339534, 0.143005828258, 0.901308436349, 0.541559378887, 0.974740370855, 0.636604400002, 0.99391302461, 0.546070804143, 0.526425933906, 0.135427903072, 0.355705170984, 0.0262185672964, 0.16039517952, 0.745637192707, 0.0303996899288, 0.366543097244, 0.862346252838, 0.692677717507, 0.690942142066, 0.188636800955, 0.441904280748, 0.581577407344, 0.989751707664, 0.203906225233, 0.247732901762, 0.262173083773, 0.750172413298, 0.456975327436, 0.0569294384111, 0.50851624061, 0.211960164644, 0.79860424476, 0.297331381507, 0.0276060119545, 0.593432449465, 0.843840428931, 0.381016124062, 0.749858310726, 0.511141478297, 0.540951804962, 0.959434321062, 0.803960891499, 0.0323230666236, 0.709387251231, 0.465001481564, 0.947548941395, 0.221432734323, 0.267072019684, 0.0814739648773, 0.428618828664, 0.109018764019, 0.633786760612, 0.802963237374, 0.69680049612, 0.766211381076, 0.342454119844, 0.845851483028, 0.428768774999, 0.824009870412, 0.626496158624, 0.14342304867, 0.0783868998549, 0.018332642913, 0.0667249976394, 0.458583813708, 0.113341922768, 0.0277833488487, 0.75486148139, 0.394850480461, 0.746938495608, 0.452404826746, 0.450086747001, 0.478072506718, 0.474003926562, 0.803163342114, 0.402392519858)
y <-
c(6.40988497822, 64.630555086, 48.2747240305, 85.7406559877, 36.3787178033, 94.1234333179, 63.1668307677, 22.3965952014, 83.8926667763, 66.8023293702, 10.2537010544, 47.5108519378, 72.3460779496, 96.8416053425, 5.16056295942, 102.536724739, 42.5414949285, 102.20548809, 65.1191043354, 88.2088733814, 60.9231210481, 67.9648838632, 33.3725572839, 64.4042128011, 80.1568263675, 90.4334649967, 81.0351657691, 74.9813386026, 91.4692535949, 36.9697398701, 72.9269663989, 49.861850394, 44.1761181432, 46.1575681789, 45.9083948452, 36.7177990199, 66.9102947837, 48.557700791, 102.406129732, 72.7930501429, 23.5300162534, 47.3598539206, 39.761616226, 84.729137963, 92.9485745064, 95.2821526105, 70.3476376123, 31.9121400403, 29.8832654366, 90.9533057814, 57.4148530139, 85.4343644697, 62.1906763262, 78.7182830422, 56.5041272372, 82.8235981913, 61.8752830765, 51.6292532475, 38.4935510802, 11.8853877788, 42.9323391752, 13.8871074755, 103.065571641, 23.2080582099, 84.1303136604, 91.8287411956, 73.8559228511, 62.7327284648, 20.966135899, 53.6364997755, 39.9069819148, 27.4877971979, 64.0545492178, 35.4650853523, 96.545754139, 96.6707578163, 30.9609666189, 14.6298571571, 24.1209902202, 55.5109193174, 77.5415376969, 25.4978802868, 31.4963863782, 90.2006483633, 46.5161496549, 66.6959552335, 28.3669285987, 15.1680914251, 57.1398802087, 52.8405544925, 20.2905263593, 67.1029575766, 59.8538660461, 70.3766099274, 19.6656656789, 80.6180304733, 27.5916002308, 57.783533184, 83.8920576007, 6.55538965788)
N <- 100
