x <-
c(4.17022004703, 7.20324493442, 0.00114374817345, 3.02332572632, 1.46755890817, 0.923385947688, 1.86260211378, 3.45560727043, 3.96767474231, 5.38816734003, 4.19194514403, 6.85219500397, 2.04452249732, 8.78117436391, 0.273875931979, 6.70467510178, 4.17304802367, 5.58689828446, 1.40386938595, 1.98101489085, 8.00744568676, 9.68261575719, 3.13424178159, 6.92322615669, 8.76389152296, 8.94606663504, 0.850442113698, 0.390547832329, 1.69830419565, 8.78142503429, 0.983468338331, 4.21107625005, 9.57889530151, 5.33165284973, 6.9187711395, 3.15515631006, 6.86500927682, 8.34625671897, 0.182882773442, 7.50144314945, 9.88861088906, 7.4816565438, 2.80443992064, 7.89279328451, 1.03226006578, 4.47893526176, 9.08595503093, 2.93614148374, 2.87775338586, 1.30028572118, 0.193669578703, 6.7883553294, 2.11628116, 2.65546659372, 4.9157315928, 0.533625451171, 5.74117605492, 1.46728574906, 5.89305536903, 6.99758360021, 1.02334428828, 4.1405598782, 6.94400157728, 4.14179269527, 0.499534589461, 5.35896405916, 6.6379464522, 5.14889112058, 9.44594755991, 5.86555040502, 9.03401915288, 1.37474704146, 1.39276347251, 8.0739128871, 3.97676836986, 1.65354197117, 9.27508580396, 3.47765859746, 7.50812103136, 7.2599798535, 8.83306091206, 6.23672207056, 7.50942434027, 3.48898341978, 2.69927891765, 8.95886218196, 4.28091189871, 9.64840047148, 6.63441497818, 6.21695720209, 1.14745972953, 9.49489258707, 4.4991213348, 5.78389614387, 4.08136802761, 2.37026980243, 9.03379520562, 5.73679486672, 0.0287032703116, 6.17144913621)
y <-
c(47.0178354175, 75.0102481284, 4.70523346911, 36.0612319058, 19.9056838171, 14.9958706572, 23.4036929952, 39.3553146354, 44.8633088141, 59.2917250475, 47.1177511605, 73.6409586855, 24.7745626869, 93.1893074254, 7.86058059078, 73.1762349258, 47.9293981166, 61.0541392621, 18.6634089094, 24.171418501, 85.4979512216, 101.90349764, 35.9985641404, 74.2758584238, 92.0189143857, 95.1586983845, 13.0572925722, 10.1299860281, 22.3865335982, 93.4078288662, 13.7397715376, 47.2801449336, 101.529509466, 57.3628278955, 73.921492889, 36.5841776473, 72.2769754479, 88.7777265818, 7.674988382, 79.1549155537, 104.236654869, 78.5042820267, 33.0057036972, 82.3121604904, 16.444018366, 50.1982531555, 95.8349333534, 33.5862532182, 35.0512897888, 19.9699589611, 5.07871392258, 74.1197173244, 27.7904623532, 31.8926776338, 52.9580478957, 11.1995998293, 62.2308402471, 19.0689368628, 62.7004955547, 75.5263734981, 16.0262497487, 45.7820680523, 74.9605921098, 45.2735855631, 10.7972069265, 58.63620789, 71.1928947501, 56.3871653333, 100.328361756, 64.4059156901, 95.8696568531, 18.8851716246, 19.005455853, 86.357509133, 45.0001782577, 22.2179711186, 97.4407412661, 37.3417482104, 81.1200349155, 79.786778182, 93.7719735641, 67.2670654723, 79.9577986588, 39.77078001, 32.0101985848, 93.4666030909, 47.2920245292, 100.486977887, 71.5929489432, 66.8729308685, 16.9698086193, 99.774222711, 50.9775485358, 63.05249534, 48.0043800051, 26.8063371014, 94.691035368, 63.2694355589, 7.81535840992, 66.4658565844)
N <- 100
