x <-
c(1.30446378458, 1.82657042397, -0.0180852922444, 1.08456464884, -0.699492373912, 0.0710874185685, -0.585483664185, -1.20072368975, -0.395786369475, -1.46054250136, 0.251533833589, -0.113504335655, -0.83379267308, -1.47088882791, -0.134332168024, -1.55237506195, -0.910015107886, -1.87447730013, -0.280256446314, -0.105999763014, -2.39260980272, -6.32318817296, -0.762323151399, 1.51671936407, -4.40428677017, 3.03692480994, 0.280848413172, -0.323082733005, -0.0969256539992, 3.40628035418, 0.201322826473, -1.28589960564, 4.03833551591, -1.28540220105, -2.10993240052, 0.607494594605, -2.13849006046, 3.8009585111, -0.226798854583, -1.76540649183, 8.39001766581, -0.14506552159, -0.534990640519, -0.472473967797, -0.337153869227, -0.35021682619, 2.61131230535, -0.456250611182, 0.545890782715, -0.482295408762, -0.104550724766, -2.20803672503, 0.404519246788, 0.368417415296, 1.04477910756, -0.235202952967, 0.619997562024, 0.270796023927, -1.80354250773, -2.47066176106, 0.322786564867, 1.15474698077, 0.390007011722, -1.30533875313, 0.0302763133182, -1.29304839003, -1.07149337051, 1.46124331005, 1.65524729961, 0.921503341732, 4.58403839064, -0.560927381154, 0.269043679667, 3.45311412483, 0.76205423524, -0.446707357909, -0.9424171094, 0.849540702034, -1.38410368919, 2.72433139192, 0.428273117845, 0.875858204123, -1.85118336691, -0.58231649461, 0.685493038966, -4.20043326957, 0.444532219823, 0.273504225702, 1.62420686999, -2.13118458016, 0.414329752168, -3.47236105846, -0.826227485317, -1.42697327789, -1.40115045614, -0.917598391137, -3.78373254326, 1.05246158973, 0.0156710042281, -2.02442009189)
N <- 100
y <-
c(-0.116110878894, 2.61065548884, -0.00545809790738, 0.132005612649, -0.308263182386, 0.547948372927, -0.753781159617, -0.687126989323, 1.14420366421, -1.59357550024, -1.29420319291, -2.47724301803, -0.49419191543, 3.67946113716, -0.292001575924, 1.25810981264, 0.759222368615, -0.995890094675, 0.51053509595, -0.852791591295, -3.19732778897, -8.96519553042, -1.10260057546, -1.453434698, -0.6144782695, 4.87028330278, 0.522292451714, -0.00656838203707, -0.776145032535, -1.73504793833, 0.580667212533, -1.09668052411, 8.25739643522, -1.69830718087, 0.630449504611, -0.738335838609, 0.519342068498, 1.19196121753, -0.0367432967834, 1.66429302699, 16.21791897, -2.89783117727, -1.07949240213, -3.33379698635, -0.573441459501, -1.57334811604, -3.62393383229, 0.807190976792, 1.09886729756, -0.602784815392, -0.245711296622, -1.8437789978, 0.903228772276, -0.79664271556, -0.896597093775, 0.235242362973, -1.60270028209, 0.728389615842, -1.54408264628, -0.130625827315, -0.346691566875, 1.22104146826, 2.60115840854, 0.0937846386405, -0.367302639371, -1.7072922197, -2.45332085725, 1.44720638888, 7.218612237, 2.0777294198, -0.731646118777, -0.566784765311, 0.706188403823, 0.918601549312, 1.38811209791, 0.434857739665, 5.5094309607, -0.576946142563, -3.02143127522, 0.554082303165, 4.68145697245, -1.63963784435, 1.57627101964, -1.27442546338, -0.507867526111, 1.1040354057, -1.20599047784, 8.75455571299, 2.26960499644, -1.15641877334, -0.290217123173, -7.54424409105, 0.966986468431, 0.840583987528, -0.611250383601, -0.540147244289, -4.78918223628, -1.24748605923, 0.0929270148445, -1.42249075229)
