N <- 9
ids <-
c(1, 1, 1, 1, 1, 1, 1, 1, 1)
ncl <- 1
vals <-
c(0.127120464102, 0.144400325014, 0.129427412401, 0.173095383673, 0.111470817865, 0.271461593537, 0.101327200948, 0.169374083823, 0.129227991653)
