N <- 102
ids <-
c(1, 1, 1, 1, 1, 1, 1, 1, 1, 1, 2, 2, 2, 2, 2, 2, 2, 2, 2, 2, 2, 2, 2, 2, 3, 3, 3, 3, 3, 3, 3, 3, 4, 4, 4, 4, 4, 4, 5, 5, 5, 5, 5, 5, 6, 6, 6, 6, 6, 6, 6, 6, 6, 6, 6, 7, 7, 7, 7, 7, 7, 7, 7, 7, 7, 7, 7, 7, 7, 7, 8, 8, 8, 8, 8, 8, 8, 8, 8, 8, 8, 8, 9, 9, 9, 9, 9, 9, 9, 9, 10, 10, 10, 10, 10, 10, 10, 10, 10, 10, 10, 10)
ncl <- 10
vals <-
c(0.11048072631, 0.207116782767, 0.473781766061, 0.118502593164, 0.17024496108, 0.256886844138, 0.276033267547, 0.10409422474, 0.101814834229, 0.10876603596, 0.149481527615, 0.186097763981, 0.122150726317, 0.184408499023, 0.258285298363, 0.100979085474, 0.207835638614, 1.04617082482, 0.206973593921, 0.11897167107, 0.227349337248, 0.105919664049, 0.136819947344, 0.352721277277, 0.107142030819, 0.100973277726, 0.175476641119, 0.112497369325, 0.116514015745, 0.139787937679, 0.102753143779, 0.152601210564, 0.128636105725, 0.174786689723, 0.128648856714, 0.102443674408, 0.143565624597, 0.167104939418, 0.233609662133, 0.12986431057, 0.109765783792, 0.38584902789, 0.124643850986, 0.204612187224, 0.272154117471, 0.128066872332, 0.439597577956, 0.161944577875, 0.153776322271, 0.105544388871, 0.374651127088, 0.130291471026, 0.146573026309, 0.126137151952, 0.112724218984, 0.10013254521, 0.155637658763, 0.119989425057, 0.141200578557, 0.271803325168, 0.122590671632, 0.300852094989, 0.156815530373, 0.100737591902, 0.338964224433, 0.171759718969, 1.48182551568, 0.10910732351, 0.107033030499, 0.346172301822, 0.401434499132, 0.196435653252, 0.107478372439, 0.101097362447, 0.101454056191, 0.101572910292, 0.116602640597, 0.290667528968, 0.152274085162, 0.154842935018, 0.272250027862, 0.107471860133, 0.660680147184, 0.156446583729, 0.101028879312, 0.240118861995, 0.115513965494, 0.244453844622, 0.130583163943, 0.29486504845, 0.183895133082, 0.149245239969, 0.100618776667, 0.103713955111, 0.528716557116, 0.150651987939, 0.111733834284, 0.115252689708, 0.194378480094, 0.111199383104, 0.152961682816, 0.551570129898)
