x <-
c(9.48496257049, 3.68442861413, 7.68548915328, 1.07738055792, 3.37174526945, 8.86536139338, 3.01720426074, 6.03572228154, 0.574663211306, 4.06761223181, 5.82367431217, 3.85606987359, 2.56101250444, 2.55127431822, 2.28595620735, 4.61035237862, 9.96278170381, 7.21152348785, 5.90909468234, 3.26671952526, 0.0581791070328, 9.83661615361, 8.60877693461, 8.26133350036, 2.79422303839, 9.48534664824, 6.58653494443, 5.71203669299, 1.35731218914, 3.05299592714, 2.69809336959, 5.66019338794, 2.86759624325, 4.537751421, 0.221041217675, 6.27458646837, 9.22873044976, 2.09669980265, 6.06348044953, 7.76983249358, 1.85423773962, 8.1612461064, 7.71702675945, 5.43090230249, 8.53571958663, 0.460318362264, 2.57251206039, 7.53073637065, 8.82910548059, 7.5892601438, 8.91938267667, 1.57892754919, 6.08428549462, 8.65455134745, 3.68096983412, 5.13734033107, 6.04062741492, 6.87654855676, 5.91773914177, 1.86074251003, 3.79908306472, 1.27790264723, 7.47402437405, 4.60951882264, 9.09886203638, 6.81122399308, 0.50463555295, 5.11141132833, 8.49543023756, 5.98190784351, 3.68221196667, 2.21902966281, 5.18262394103, 5.39009215879, 3.89961530253, 9.01692799622, 9.52025725776, 0.484321562152, 0.944090044208, 3.27978143366, 9.40693013401, 0.166740527633, 6.28565576798, 3.03891210821, 3.43768810758, 5.80992648771, 0.306964878908, 1.31026805336, 7.90129882993, 7.83950404415, 1.64119337543, 9.70434959789, 0.922241199069, 6.06015389508, 1.18392216659, 2.90739540833, 8.76661174163, 7.90158078528, 4.15419721042, 8.05118895501)
nnodes <- 20
xnodes <-
c(0.0, 0.526315789474, 1.05263157895, 1.57894736842, 2.10526315789, 2.63157894737, 3.15789473684, 3.68421052632, 4.21052631579, 4.73684210526, 5.26315789474, 5.78947368421, 6.31578947368, 6.84210526316, 7.36842105263, 7.89473684211, 8.42105263158, 8.94736842105, 9.47368421053, 10.0)
y <-
c(18.7586003884, 10.0161226463, 14.925542641, 10.2861207534, 10.5596823014, 18.6988052931, 11.2266638844, 13.2787368973, 10.6930397149, 12.3474473201, 12.4506641746, 11.1040634988, 11.6310259465, 12.0564021976, 10.7646598326, 14.2814696591, 19.6535764653, 15.9220902897, 12.3376977058, 10.6819270289, 10.4792519235, 18.2758580794, 17.9938173119, 15.8554887146, 11.8122086537, 19.8553242297, 15.2884033043, 12.3203265157, 9.30757583028, 10.8738375146, 12.3480743183, 13.336114133, 12.7213005126, 12.8329201653, 10.9175145147, 13.1757257865, 16.7909952014, 10.3621926187, 13.1773332828, 14.8375993838, 9.86485364491, 15.7073994297, 15.8937714685, 13.5076400769, 18.2805795757, 11.216084006, 11.8071020063, 15.1675018748, 17.9481359235, 15.2179796637, 18.6886948634, 9.27219020421, 13.1576810046, 18.0328119894, 10.9177674408, 11.3692087454, 12.9073876088, 16.4575991423, 12.1421800679, 9.63375775505, 10.9630462063, 8.73059382918, 13.733241635, 12.3676929819, 18.4351339579, 16.2800681163, 11.8653091755, 13.1493203359, 17.4276308881, 13.0747829185, 10.8632151604, 10.6609317724, 12.8699838258, 12.4938602128, 10.7766410289, 19.4341430049, 18.3975168031, 10.7542591495, 10.4999066971, 10.724982718, 18.7654634895, 10.358516471, 14.0141880372, 10.7658876964, 10.2576496646, 11.9606184898, 10.8932202511, 9.46337497966, 16.0427291125, 15.594979415, 8.99185535581, 18.3915277029, 10.7325870757, 12.9153617693, 9.22897285296, 10.004373251, 18.1772712785, 16.1921333225, 11.1357830326, 15.4918905332)
ndat <- 100
ids <-
c(19, 8, 15, 3, 7, 17, 6, 12, 2, 8, 12, 8, 5, 5, 5, 9, 19, 14, 12, 7, 1, 19, 17, 16, 6, 19, 13, 11, 3, 6, 6, 11, 6, 9, 1, 12, 18, 4, 12, 15, 4, 16, 15, 11, 17, 1, 5, 15, 17, 15, 17, 3, 12, 17, 7, 10, 12, 14, 12, 4, 8, 3, 15, 9, 18, 13, 1, 10, 17, 12, 7, 5, 10, 11, 8, 18, 19, 1, 2, 7, 18, 1, 12, 6, 7, 12, 1, 3, 16, 15, 4, 19, 2, 12, 3, 6, 17, 16, 8, 16)
ideval <-
c(1, 1, 1, 1, 1, 1, 1, 1, 1, 1, 1, 1, 1, 1, 1, 1, 1, 1, 1, 1, 1, 2, 2, 2, 2, 2, 2, 2, 2, 2, 2, 2, 2, 2, 2, 2, 2, 2, 2, 2, 2, 2, 3, 3, 3, 3, 3, 3, 3, 3, 3, 3, 3, 3, 3, 3, 3, 3, 3, 3, 3, 3, 3, 4, 4, 4, 4, 4, 4, 4, 4, 4, 4, 4, 4, 4, 4, 4, 4, 4, 4, 4, 4, 4, 5, 5, 5, 5, 5, 5, 5, 5, 5, 5, 5, 5, 5, 5, 5, 5, 5, 5, 5, 5, 5, 6, 6, 6, 6, 6, 6, 6, 6, 6, 6, 6, 6, 6, 6, 6, 6, 6, 6, 6, 6, 6, 7, 7, 7, 7, 7, 7, 7, 7, 7, 7, 7, 7, 7, 7, 7, 7, 7, 7, 7, 7, 7, 8, 8, 8, 8, 8, 8, 8, 8, 8, 8, 8, 8, 8, 8, 8, 8, 8, 8, 8, 8, 8, 9, 9, 9, 9, 9, 9, 9, 9, 9, 9, 9, 9, 9, 9, 9, 9, 9, 9, 9, 9, 9, 10, 10, 10, 10, 10, 10, 10, 10, 10, 10, 10, 10, 10, 10, 10, 10, 10, 10, 10, 10, 10, 10, 11, 11, 11, 11, 11, 11, 11, 11, 11, 11, 11, 11, 11, 11, 11, 11, 11, 11, 11, 11, 11, 12, 12, 12, 12, 12, 12, 12, 12, 12, 12, 12, 12, 12, 12, 12, 12, 12, 12, 12, 12, 12, 13, 13, 13, 13, 13, 13, 13, 13, 13, 13, 13, 13, 13, 13, 13, 13, 13, 13, 13, 13, 13, 14, 14, 14, 14, 14, 14, 14, 14, 14, 14, 14, 14, 14, 14, 14, 14, 14, 14, 14, 14, 14, 15, 15, 15, 15, 15, 15, 15, 15, 15, 15, 15, 15, 15, 15, 15, 15, 15, 15, 15, 15, 15, 16, 16, 16, 16, 16, 16, 16, 16, 16, 16, 16, 16, 16, 16, 16, 16, 16, 16, 16, 16, 16, 17, 17, 17, 17, 17, 17, 17, 17, 17, 17, 17, 17, 17, 17, 17, 17, 17, 17, 17, 17, 17, 18, 18, 18, 18, 18, 18, 18, 18, 18, 18, 18, 18, 18, 18, 18, 18, 18, 18, 18, 18, 18, 19, 19, 19, 19, 19, 19, 19, 19, 19, 19, 19, 19, 19, 19, 19, 19, 19, 19, 19, 19, 19)
neval <- 400
yerr <-
c(0.321035915117, 0.644645077018, 0.375613444651, 0.416344712038, 0.494329433057, 0.131654236359, 0.270737278165, 0.758277129444, 0.167925432011, 0.815008049128, 0.445925410434, 0.391074788187, 0.390155830199, 0.819237394362, 0.831320254188, 0.986776084307, 0.557022087908, 0.341651962562, 0.363122448427, 0.544158749419, 0.524361724991, 0.627930965198, 0.468516755563, 0.805730267037, 0.993441680837, 0.972204838839, 0.660771547248, 0.494811860735, 0.205185734123, 0.860237083376, 0.58534662761, 0.613349656919, 0.858982849039, 0.160254321104, 0.25793873891, 0.7753207526, 0.841216669713, 0.372085532498, 0.575649092934, 0.697888996877, 0.386188603616, 0.294862066523, 0.881515094361, 0.665043213989, 0.833279923997, 0.38990282828, 0.105143671114, 0.394009029255, 0.9626321868, 0.705613768362, 0.29205031236, 0.240621269871, 0.733060938214, 0.437240915635, 0.780520945278, 0.97745548873, 0.234597057655, 0.458493722752, 0.986453736383, 0.143921698447, 0.595805291644, 0.855048503446, 0.606970767403, 0.302483086404, 0.780840323727, 0.84386218736, 0.663413091484, 0.197406450929, 0.368141579038, 0.136213153773, 0.457915300119, 0.280304795205, 0.6900378293, 0.447467450733, 0.114484310238, 0.337361723761, 0.515740875469, 0.626666014702, 0.167181538165, 0.795983364844, 0.309546703435, 0.161492714379, 0.143407948755, 0.839123992334, 0.541017246213, 0.410469403437, 0.10930045029, 0.510617325671, 0.675372416206, 0.627417528523, 0.937187687596, 0.684215652219, 0.478685754151, 0.428830664818, 0.640149433855, 0.837817030903, 0.55686787661, 0.470821835177, 0.552154977883, 0.723230702813)
