N <- 300
x <-
c(4.17022004703, 7.20324493442, 0.00114374817345, 3.02332572632, 1.46755890817, 0.923385947688, 1.86260211378, 3.45560727043, 3.96767474231, 5.38816734003, 4.19194514403, 6.85219500397, 2.04452249732, 8.78117436391, 0.273875931979, 6.70467510178, 4.17304802367, 5.58689828446, 1.40386938595, 1.98101489085, 8.00744568676, 9.68261575719, 3.13424178159, 6.92322615669, 8.76389152296, 8.94606663504, 0.850442113698, 0.390547832329, 1.69830419565, 8.78142503429, 0.983468338331, 4.21107625005, 9.57889530151, 5.33165284973, 6.9187711395, 3.15515631006, 6.86500927682, 8.34625671897, 0.182882773442, 7.50144314945, 9.88861088906, 7.4816565438, 2.80443992064, 7.89279328451, 1.03226006578, 4.47893526176, 9.08595503093, 2.93614148374, 2.87775338586, 1.30028572118, 0.193669578703, 6.7883553294, 2.11628116, 2.65546659372, 4.9157315928, 0.533625451171, 5.74117605492, 1.46728574906, 5.89305536903, 6.99758360021, 1.02334428828, 4.1405598782, 6.94400157728, 4.14179269527, 0.499534589461, 5.35896405916, 6.6379464522, 5.14889112058, 9.44594755991, 5.86555040502, 9.03401915288, 1.37474704146, 1.39276347251, 8.0739128871, 3.97676836986, 1.65354197117, 9.27508580396, 3.47765859746, 7.50812103136, 7.2599798535, 8.83306091206, 6.23672207056, 7.50942434027, 3.48898341978, 2.69927891765, 8.95886218196, 4.28091189871, 9.64840047148, 6.63441497818, 6.21695720209, 1.14745972953, 9.49489258707, 4.4991213348, 5.78389614387, 4.08136802761, 2.37026980243, 9.03379520562, 5.73679486672, 0.0287032703116, 6.17144913621, 3.26644901772, 5.27058102258, 8.85942099311, 3.57269760002, 9.0853515092, 6.23360115792, 0.158212428466, 9.29437233744, 6.90896917517, 9.97322850451, 1.72340508345, 1.37135749629, 9.32595463037, 6.9681816149, 0.660001727221, 7.55463052602, 7.53876188461, 9.23024535546, 7.11524758628, 1.24270961972, 0.198801338398, 0.262109868777, 0.283064880208, 2.46211067603, 8.60027948683, 5.38831064342, 5.52821978686, 8.4203089236, 1.2417331512, 2.79183679011, 5.85759271458, 9.6959574832, 5.61030219256, 0.186472893729, 8.00632672681, 2.32974273841, 8.07105195619, 3.87860644064, 8.63541854559, 7.47121642737, 5.5624023399, 1.36455225661, 0.599176895122, 1.21343455741, 0.445518785448, 1.07494129106, 2.25709338608, 7.12988980383, 5.59716982054, 0.125559801591, 0.719742796895, 9.6727633, 5.6810046192, 2.03293234661, 2.5232574457, 7.43825854075, 1.95429481109, 5.81358927273, 9.70019989088, 8.4682880149, 2.39847759148, 4.93769714269, 6.19955718381, 8.2898089955, 1.56791394646, 0.185762021774, 0.700221437192, 4.86345110937, 6.06329461653, 5.68851437086, 3.17362409322, 9.88616154412, 5.79745219246, 3.80141172624, 5.50948219118, 7.45334430907, 6.69232893453, 2.64919557663, 0.663348344284, 3.70084197914, 6.29717507022, 2.10174009915, 7.52755553739, 0.665364813541, 2.60315098579, 8.04754563743, 1.93434282623, 6.3946088088, 5.24670309124, 9.24807970399, 2.63296770487, 0.65961090684, 7.35065963289, 7.72178029543, 9.07815852504, 9.31972069197, 0.139515729756, 2.34362086121, 6.16778357002, 9.49016320688, 9.50176119247, 5.56653188195, 9.15606349766, 6.41566208946, 3.90007714141, 4.85990667097, 6.0431048292, 5.49547921509, 9.26181426706, 9.18733435634, 3.94875612924, 9.63262528441, 1.7395566668, 1.2632951944, 1.35079158047, 5.05662165677, 0.215248052742, 9.47970211218, 8.27115471171, 0.150189807421, 1.76196255575, 3.32063574367, 1.30996844811, 8.09490692127, 3.44736652683, 9.40107482333, 5.82014179947, 8.78831984412, 8.44734445392, 9.05392318709, 4.59880265817, 5.4634681602, 7.98603591152, 2.85718851734, 4.9025352262, 5.99110307646, 0.155332755508, 5.93481408197, 4.33676348989, 8.07360528885, 3.15244803095, 8.92888708525, 5.77857215285, 1.84010201627, 7.87929233826, 6.12031177045, 0.539092720738, 4.20193680001, 6.79068836565, 9.18601777978, 0.00402024891357, 9.76759149031, 3.76580314746, 9.73783538358, 6.04716100974, 8.28845807981, 5.74711504708, 6.28076198307, 2.85576281696, 5.86833340656, 7.50021763703, 8.58313836429, 7.55082188468, 6.98057248447, 8.64479430055, 3.22680996837, 6.70788790788, 4.50873936413, 3.82102752032, 4.10811349922, 4.0147958347, 3.17383945958, 6.2191936792, 4.30247270821, 9.73802077927, 6.77800891434, 1.98569888427, 4.26701009348, 3.43346239774, 7.97638803959, 8.79998288563, 9.03841955826, 6.62719812375, 2.7020826203, 2.52366701505, 8.54897942697, 5.27714646309, 8.02161084005, 5.72488517192, 7.33142525288, 5.19011627464, 7.70883910502, 5.68857990705, 4.65709878592, 3.42688907953, 0.682093484167, 3.77924179328, 0.796260776983, 9.8281711373, 1.81612851331)
