xy <-
structure(c(-0.198997764368, -2.08888035899, -0.0742768963754, 0.396893178362, 0.523281608573, 2.25034320883, 1.64271531934, 0.0888688963467, 1.21700721015, 1.47338662264, -1.62394460106, -0.620405992776, 0.139593180082, -1.42820781802, -1.86668836666, 0.50418596133, -0.272261866964, 0.0488318094488, 0.930284221668, -1.92640995882, 2.59640448775, 2.29325380602, 2.06966406068, -0.0762768856014, 4.4556302088, 5.9857913882, 1.06700897086, -0.870206769532, 0.346232283117, 0.351369061872, -0.414226161547, -0.448642695389, 2.20802082563, 0.451122890268, -1.4356459321, -3.034758975, 1.15956291476, -3.78737107972, -1.93935576041, 1.86893242676, -16.5122363653, -3.03499530487, -1.22120331484, -2.98367028114, -0.726238858263, 0.0232452259802, -2.53991288534, 0.788384779974, 0.802626391525, -0.219780390282, 0.000682001303259, -2.44847471552, 1.27491977266, -0.0958252862617, -0.682741142465, 0.940522036996, -1.4255122126, 1.77253859521, -0.106801374479, -2.66767535217, 0.603020102871, 1.74822431432, -1.58357651628, 1.57015444365, 0.966383541306, -0.515867398789, -1.29235239789, 2.41951741134, 6.34088657053, -0.919431818137, 4.77473243816, -0.0743049976682, -0.220522645575, -2.45192980871, -0.219210804099, 0.388804394343, -7.72275855877, -0.00772825866456, -1.27239771817, 0.0252844822623, 2.8868258035, 1.85172686205, -4.6550307031, -1.24637128713, 0.346831637494, 4.57899930636, 0.405940028446, 7.03801747865, -1.41908697022, 0.125525879696, 1.26240467738, -7.5288586578, 1.11228299651, -0.295026371174, 0.219976399192, 0.573508274524, 4.28957690483, -0.83951914061, 0.920757888513, 1.16102468923, 0.304108966499, -0.958728978699, -4.69218519904, 3.45707337669, 5.46853634585, -1.95063794006, -1.29886961458, 4.36422316272, -1.43455471342, 32.5737936832, 0.201451943966, 1.89786143616, -5.14584937344, -0.316998107755, 0.0605396187428, 2.67088423848, -3.01034780734, 6.82830845098, -1.62371837968, -0.557958733831, -1.11486930741, -0.17931420127, 0.955748084236, -0.481152204731, 5.60679234684, -1.12964321377, -1.11746415719, -5.01763144564, 0.0419310541028, -0.942240414713, 2.39215992959, 10.6931586696, 1.69058404528, 1.65872323464, -2.18960070331, 1.9184068986, -3.92265168834, 0.54349835425, -4.16912942548, 0.153461374974, -0.645428617092, -1.02027189367, -1.19781289291, -1.00460281679, 0.00851999950715, -0.6550260112, -2.09277110294, -1.17519569571, 0.351488398954, 1.02407679074, 0.911842145054, 0.596404070398, -3.88210530835, -1.62111277143, 0.824552443978, -2.56012726305, -0.0148496401324, 1.38139921974, 6.3196763143, -1.10092965322, 1.01879849963, -1.49618869168, 0.918757311907, 2.74074285656, 0.148039993536, 0.0994945277851, 0.348016457639, -0.364621937406, 0.266111446339, 2.43051056456, -1.18763928433, 15.3111644164, 1.74916578268, 1.48015704796, -2.39609603182, -1.38378526475, -1.97558008293, -1.42358939549, 0.682061591357, 1.97343465773, 0.910413908837, -0.0139831033633, 0.478462660387, 0.604552623892, -0.961328042007, -0.770796862982, 0.148590535487, -1.85828874459, 2.15687318874, 6.05458878668, 2.3006796862, 0.760921406721, 2.48052297133, 1.61372579341, 6.32714138189, -6.05414065401, -0.351276961577, -2.22614233913, -2.22645987364, 0.869757929044, -3.04332496173, -0.0352318818187, 5.58035548043, -0.0486136681238, -0.0148302081787, 2.98165946065, -2.8952899765, 0.790458760866, -4.0156945024, 3.31911398902, 0.993851227603, 9.18062466642, -1.30430531421, 0.645496788021, 0.235393360196, 1.3478631245, 0.328001964567, 1.83358593, 2.05138855266, -1.16331474905, -1.88788250603, 2.87490567371, 1.34691650775, -4.87866676913, 0.820656815574, -3.71170704437, 0.124424897839, -2.03137253928, 2.76906582467, 5.01896665765, -1.85569372879, 0.409085993789, -3.23924894993, -0.87990382894, -0.483464675387, 1.3832873097, -1.2135374604, 1.31721349431, -1.87882227516, 4.57392229678, 0.87980147681, -1.05881904757, 1.29183414343, 0.767873216161, -1.48618672486, -0.279319686968, -0.627838686462, -0.198339061145, -2.67206892419, 0.305154241131, 8.64080580173e-05, 7.65099294611, -0.554149354327, 10.8501797667, -0.557553787215, 4.05162223666, 1.82778138118, -0.598593621797, -2.83753734171, 0.769791918597, -2.53128148753, 2.97031657167, -3.83553702337, -1.61331614287, -0.643179259188, -0.278563517458, 2.140066181, -0.472561078248, 0.966286130042, -0.358613139139, 4.49177638139, -1.7269825426, -2.37823865522, -1.0590406252, -1.45579380877, 0.300216117161, -2.08482879954, -0.478880923397, -0.137213051167, 4.25563269578, -6.0087015594, 1.01256622669, -1.56991486534, 0.0865437703348, -0.183596208979, 4.02421222864, -1.20977451457, 2.57289911286, 2.36333319865, -1.95886403792, 2.80348909823, -2.0847535992, -0.554277417415, 0.0562338347879, -0.432107282963, -0.550298393435, -0.0612127001364, 0.276401214694, -7.09410797639, -1.31511958201, -1.4913689627, 2.08942925067, 0.989316480201, -1.86135711958, 0.139448113575, 0.783264861926, -3.39892415936, -1.43059046135, 1.39796307076, 0.851529898459, 0.830395243454, -0.959695144541, 1.21442858712, -4.91006076717, -1.60643554401, 0.627473132422, 1.82043202292, -4.58299555712, 0.699746691825, -1.83958744117, 1.06048966369, 10.3761548533, 1.21800853708, -5.73440765244, 2.90573925644, 3.98613908435, -1.44765706952, 1.7256562754, -2.57450717895, 4.91078969432, 0.135589854349, 0.862654158699, -3.86297412848, -0.265465488288, 2.64749176389, -2.21515110455, 0.920544325939, -1.35242840269, 1.29446371911, 4.14291512337, -5.19394564018, -2.18989730501, -0.0605499051006, -0.701607574173, -1.80460449585, 4.42672163697, 4.50654309537, 3.61180156829, -0.636271315276, -2.33926001597, 0.315194592172, 0.695542204581, 3.38838637573, -0.128419590382, 3.50997150223, -0.342475700348, 0.0170005302921, 0.404938613356, 1.29928732978, -0.826347299014, -0.338891542233, -2.48362219824, -2.71883827722, 1.29056032061, 0.613159332064, 2.53880600113, -2.07076382425, 0.785768554144, 6.94057688029, -1.09155734316, 0.501779075567, -0.468233086599, -0.878379547523, 3.45939846924, -2.03401822779, 0.431244289804, -0.285131163943, 2.18238932806, 4.84184726235, -1.23981948038, 3.87158402592, -0.0909991273868, -1.50771445937, 2.70337525854, -1.90861367919, -4.02815820932, 0.462983526333, 7.85076548844, -1.57925133323, 1.20826845772, -0.511207048509, 3.57757436115, 0.66375237275, 1.97820328527, 3.06889233164, 0.536406604749, 2.38402805877, 0.526292605353, -1.48117422397, 2.4065509975, -0.0555334966581, -1.82609853612, -5.42857557418, 0.36323917601, 4.36673895231, -1.84199029846, 0.561939055073, -2.63322755212, -0.929629365349, 15.3659172744, 1.85521620297, 2.94187981318, 1.55228585219, 3.11890014416, 1.17711620066, -1.11417837592, 0.132595034273, 4.49794731497, 0.756867833532, 2.32635545248, -0.0840047900377, -0.158663805412, -1.49946603079, -1.57841729428, 2.23850120274, 0.849920642091, -1.42725148501, 0.450549784742, 0.865063492894, 0.291619483725, -3.51969737895, 7.14615238019, -0.960532844771, 1.10730143236, -0.749418426585, -1.95786976594, -0.650200619217, -3.71642413964, 1.04751316529, -2.61634061216, 2.9148809952, 0.576531388956, 0.36379919064, -1.89210958518, 2.83218579116, -1.21658932616, 3.13982119967, -2.00085245567, -0.00121522234922, 1.53180365301, -2.07167377078, 9.91957080953, 0.387579436272, 0.400044575237, 0.417396582411, 2.35353077995, -1.00157145945, -1.09037652304, -3.7446738607, -4.46321091303, 1.23772616215, 1.25146455218, -3.52826346594, -2.01100028337, -0.363206374113, -1.43650604504, 0.424111619561, -1.5180545662, 4.662157032, 1.06625807079, -1.93033828914, 2.78462976495, 0.792901250714, -1.28325164943, 0.346993978804, -1.29035014163, 3.21823068072, -1.06961268176, 1.27652296565, 0.894542178348, 1.30779730865, 2.78404402589, 3.23625611225, -1.89279496515, 0.176809693538, 4.48796624058, 1.69089883666, -3.86828986032, 1.53718169665, -0.692271862445, 1.64210191494, 1.23845780437, 0.0113399101872, -2.44121533742, 2.72206713744, -2.95542969677, 0.596820661307, 1.76844150281, -0.922096841118, -4.03474557572, -8.18262389603, -3.4249055551, -2.96795792852, -1.90104264041, 